11 11
237 28 36 237 28 36 0 0 0 237 28 36 237 28 36 237 28 36 237 28 36 237 28 36 237 28 36 0 0 0 0 0 0 
237 28 36 237 28 36 0 0 0 0 0 0 0 0 0 0 0 0 0 0 0 0 0 0 0 0 0 0 0 0 163 73 164 
0 0 0 0 0 0 0 0 0 255 242 0 255 242 0 255 242 0 255 242 0 0 0 0 0 0 0 0 0 0 163 73 164 
163 73 164 0 0 0 255 242 0 255 242 0 255 242 0 255 242 0 255 242 0 0 0 0 34 177 76 0 0 0 163 73 164 
163 73 164 0 0 0 255 242 0 255 242 0 255 242 0 0 0 0 0 0 0 0 0 0 34 177 76 0 0 0 163 73 164 
163 73 164 0 0 0 255 242 0 255 242 0 255 242 0 0 0 0 34 177 76 34 177 76 34 177 76 0 0 0 163 73 164 
163 73 164 0 0 0 255 242 0 0 0 0 0 0 0 0 0 0 34 177 76 34 177 76 34 177 76 0 0 0 163 73 164 
163 73 164 0 0 0 255 242 0 0 0 0 34 177 76 34 177 76 34 177 76 34 177 76 34 177 76 0 0 0 163 73 164 
163 73 164 0 0 0 0 0 0 0 0 0 34 177 76 34 177 76 34 177 76 34 177 76 0 0 0 0 0 0 0 0 0 
163 73 164 0 0 0 0 0 0 0 0 0 0 0 0 0 0 0 0 0 0 0 0 0 0 0 0 63 72 204 63 72 204 
0 0 0 0 0 0 63 72 204 63 72 204 63 72 204 63 72 204 63 72 204 63 72 204 0 0 0 63 72 204 63 72 204 