11 11
113 113 113 113 113 113 0 0 0 113 113 113 113 113 113 113 113 113 113 113 113 113 113 113 113 113 113 0 0 0 0 0 0 
113 113 113 113 113 113 0 0 0 0 0 0 0 0 0 0 0 0 0 0 0 0 0 0 0 0 0 0 0 0 133 133 133 
0 0 0 0 0 0 0 0 0 95 95 95 95 95 95 95 95 95 95 95 95 0 0 0 0 0 0 0 0 0 133 133 133 
133 133 133 0 0 0 95 95 95 95 95 95 95 95 95 95 95 95 95 95 95 0 0 0 165 165 165 0 0 0 133 133 133 
133 133 133 0 0 0 95 95 95 95 95 95 95 95 95 0 0 0 0 0 0 0 0 0 165 165 165 0 0 0 133 133 133 
133 133 133 0 0 0 95 95 95 95 95 95 95 95 95 0 0 0 165 165 165 165 165 165 165 165 165 0 0 0 133 133 133 
133 133 133 0 0 0 95 95 95 0 0 0 0 0 0 0 0 0 165 165 165 165 165 165 165 165 165 0 0 0 133 133 133 
133 133 133 0 0 0 95 95 95 0 0 0 165 165 165 165 165 165 165 165 165 165 165 165 165 165 165 0 0 0 133 133 133 
133 133 133 0 0 0 0 0 0 0 0 0 165 165 165 165 165 165 165 165 165 165 165 165 0 0 0 0 0 0 0 0 0 
133 133 133 0 0 0 0 0 0 0 0 0 0 0 0 0 0 0 0 0 0 0 0 0 0 0 0 100 100 100 100 100 100 
0 0 0 0 0 0 100 100 100 100 100 100 100 100 100 100 100 100 100 100 100 100 100 100 0 0 0 100 100 100 100 100 100 
